Input
-----
4   6  2  14
15  8  13  1
10  5  9  12
7  11  16  3

Output
------
Swapping (3, 2) and (3, 3)
  4  6  2 14
 15  8 13  1
 10  5  9 12
  7 11 16  3

Swapping (1, 1) and (1, 2)
  4  6  2 14
 15  8 13  1
 10  5  9 12
  7 11  3 16

Swapping (1, 2) and (1, 3)
  4  6  2 14
 15 13  8  1
 10  5  9 12
  7 11  3 16

Swapping (1, 1) and (2, 1)
  4  6  2 14
 15 13  1  8
 10  5  9 12
  7 11  3 16

Swapping (1, 0) and (1, 1)
  4  6  2 14
 15  5  1  8
 10 13  9 12
  7 11  3 16

Swapping (1, 1) and (1, 2)
  4  6  2 14
  5 15  1  8
 10 13  9 12
  7 11  3 16

Swapping (0, 1) and (1, 1)
  4  6  2 14
  5  1 15  8
 10 13  9 12
  7 11  3 16

Swapping (0, 0) and (0, 1)
  4  1  2 14
  5  6 15  8
 10 13  9 12
  7 11  3 16

Swapping (0, 1) and (0, 2)
  1  4  2 14
  5  6 15  8
 10 13  9 12
  7 11  3 16

Swapping (0, 2) and (0, 3)
  1  2  4 14
  5  6 15  8
 10 13  9 12
  7 11  3 16

Swapping (2, 2) and (3, 2)
  1  2 14  4
  5  6 15  8
 10 13  9 12
  7 11  3 16

Swapping (1, 2) and (2, 2)
  1  2 14  4
  5  6 15  8
 10 13  3 12
  7 11  9 16

Swapping (0, 2) and (1, 2)
  1  2 14  4
  5  6  3  8
 10 13 15 12
  7 11  9 16

Swapping (2, 1) and (3, 1)
  1  2  3  4
  5  6 14  8
 10 13 15 12
  7 11  9 16

Swapping (3, 0) and (3, 1)
  1  2  3  4
  5  6 14  8
 10 11 15 12
  7 13  9 16

Swapping (3, 1) and (3, 2)
  1  2  3  4
  5  6 14  8
 10 11 15 12
 13  7  9 16

Swapping (2, 2) and (3, 2)
  1  2  3  4
  5  6 14  8
 10 11 15 12
 13  9  7 16

Swapping (1, 2) and (2, 2)
  1  2  3  4
  5  6 14  8
 10 11  7 12
 13  9 15 16

Swapping (2, 1) and (2, 2)
  1  2  3  4
  5  6  7  8
 10 11 14 12
 13  9 15 16

Swapping (2, 1) and (3, 1)
  1  2  3  4
  5  6  7  8
 10 14 11 12
 13  9 15 16

Swapping (2, 0) and (2, 1)
  1  2  3  4
  5  6  7  8
 10  9 11 12
 13 14 15 16
63417 grids analysed, solution has 21 moves

Elapsed time PT1.645353341S
